== [07072025171600] ==
Manual Label: Window
Pose: 0.998867 -0.022336 0.0420299 -0.0240284
0.0214243 0.999528 0.0220197 0.000940858
-0.0425019 -0.0210942 0.998874 0.0825087
0 0 0 1

== [07072025174054] ==
Manual Label: Door
Pose: 0.831192 -0.3576 0.425725 0.311754
0.344969 0.932204 0.109509 0.088341
-0.436023 0.0558389 0.898201 0.150779
0 0 0 1

== [07152025151704] ==
Manual Label: Bed
Pose: 0.999838 -0.00685489 0.016616 -0.0180347
0.00627066 0.999369 0.0349613 -0.0178526
-0.0168451 -0.0348515 0.999251 0.885777
0 0 0 1

