== 20250716_105503 ==
Pose: 0.999998 -0.00196345 0.000202568 0.000194289
0.00196205 0.999976 0.00669498 -0.00701077
-0.000215708 -0.00669457 0.999978 0.00140819
0 0 0 1
Detected: WARD
  Confidence: 0.83
  BBox: [[np.int32(211), np.int32(152)], [np.int32(332), np.int32(152)], [np.int32(332), np.int32(207)], [np.int32(211), np.int32(207)]]

== 20250716_105508 ==
Pose: 0.999998 -0.00196345 0.000202568 0.000194289
0.00196205 0.999976 0.00669498 -0.00701077
-0.000215708 -0.00669457 0.999978 0.00140819
0 0 0 1
Detected: WARD
  Confidence: 0.87
  BBox: [[np.int32(211), np.int32(152)], [np.int32(332), np.int32(152)], [np.int32(332), np.int32(207)], [np.int32(211), np.int32(207)]]

== 20250716_110622 ==
Pose: 0.999998 -0.00196345 0.000202568 0.000194289
0.00196205 0.999976 0.00669498 -0.00701077
-0.000215708 -0.00669457 0.999978 0.00140819
0 0 0 1
Detected: WARD
  Confidence: 0.93
  BBox: [[np.int32(211), np.int32(152)], [np.int32(332), np.int32(152)], [np.int32(332), np.int32(207)], [np.int32(211), np.int32(207)]]

== 20250716_110903 ==
Pose: 0.999998 -0.00196345 0.000202568 0.000194289
0.00196205 0.999976 0.00669498 -0.00701077
-0.000215708 -0.00669457 0.999978 0.00140819
0 0 0 1
Detected: WARD
  Confidence: 0.81
  BBox: [[np.int32(211), np.int32(152)], [np.int32(332), np.int32(152)], [np.int32(332), np.int32(207)], [np.int32(211), np.int32(207)]]

== 20250716_111433 ==
Pose: 0.999998 -0.00196345 0.000202568 0.000194289
0.00196205 0.999976 0.00669498 -0.00701077
-0.000215708 -0.00669457 0.999978 0.00140819
0 0 0 1
Detected: CLINIC
  Confidence: 1.00
  BBox: [[np.int32(319), np.int32(183)], [np.int32(433), np.int32(183)], [np.int32(433), np.int32(221)], [np.int32(319), np.int32(221)]]

== 20250716_111446 ==
Pose: 0.999998 -0.00196345 0.000202568 0.000194289
0.00196205 0.999976 0.00669498 -0.00701077
-0.000215708 -0.00669457 0.999978 0.00140819
0 0 0 1
Detected: CLINIC
  Confidence: 0.87
  BBox: [[np.int32(319), np.int32(183)], [np.int32(435), np.int32(183)], [np.int32(435), np.int32(219)], [np.int32(319), np.int32(219)]]

== 20250716_111452 ==
Pose: 0.999998 -0.00196345 0.000202568 0.000194289
0.00196205 0.999976 0.00669498 -0.00701077
-0.000215708 -0.00669457 0.999978 0.00140819
0 0 0 1
Detected: CLINIC
  Confidence: 0.96
  BBox: [[np.int32(319), np.int32(183)], [np.int32(435), np.int32(183)], [np.int32(435), np.int32(219)], [np.int32(319), np.int32(219)]]

== 20250716_111459 ==
Pose: 0.999998 -0.00196345 0.000202568 0.000194289
0.00196205 0.999976 0.00669498 -0.00701077
-0.000215708 -0.00669457 0.999978 0.00140819
0 0 0 1
Detected: CLINIC
  Confidence: 0.98
  BBox: [[np.int32(319), np.int32(183)], [np.int32(435), np.int32(183)], [np.int32(435), np.int32(219)], [np.int32(319), np.int32(219)]]

== 20250716_111505 ==
Pose: 0.999998 -0.00196345 0.000202568 0.000194289
0.00196205 0.999976 0.00669498 -0.00701077
-0.000215708 -0.00669457 0.999978 0.00140819
0 0 0 1
Detected: CLINIC
  Confidence: 0.98
  BBox: [[np.int32(321), np.int32(183)], [np.int32(435), np.int32(183)], [np.int32(435), np.int32(219)], [np.int32(321), np.int32(219)]]

== 20250716_111512 ==
Pose: 0.999998 -0.00196345 0.000202568 0.000194289
0.00196205 0.999976 0.00669498 -0.00701077
-0.000215708 -0.00669457 0.999978 0.00140819
0 0 0 1
Detected: CLINIC
  Confidence: 1.00
  BBox: [[np.int32(319), np.int32(183)], [np.int32(435), np.int32(183)], [np.int32(435), np.int32(219)], [np.int32(319), np.int32(219)]]

== 20250716_111519 ==
Pose: 0.999998 -0.00196345 0.000202568 0.000194289
0.00196205 0.999976 0.00669498 -0.00701077
-0.000215708 -0.00669457 0.999978 0.00140819
0 0 0 1
Detected: CLINIC
  Confidence: 0.86
  BBox: [[np.int32(319), np.int32(183)], [np.int32(435), np.int32(183)], [np.int32(435), np.int32(219)], [np.int32(319), np.int32(219)]]

== 20250716_111524 ==
Pose: 0.999998 -0.00196345 0.000202568 0.000194289
0.00196205 0.999976 0.00669498 -0.00701077
-0.000215708 -0.00669457 0.999978 0.00140819
0 0 0 1
Detected: CLINIC
  Confidence: 0.97
  BBox: [[np.int32(321), np.int32(183)], [np.int32(435), np.int32(183)], [np.int32(435), np.int32(219)], [np.int32(321), np.int32(219)]]

== 20250716_111530 ==
Pose: 0.999998 -0.00196345 0.000202568 0.000194289
0.00196205 0.999976 0.00669498 -0.00701077
-0.000215708 -0.00669457 0.999978 0.00140819
0 0 0 1
Detected: CLINIC
  Confidence: 0.98
  BBox: [[np.int32(319), np.int32(183)], [np.int32(435), np.int32(183)], [np.int32(435), np.int32(219)], [np.int32(319), np.int32(219)]]

== 20250716_111535 ==
Pose: 0.999998 -0.00196345 0.000202568 0.000194289
0.00196205 0.999976 0.00669498 -0.00701077
-0.000215708 -0.00669457 0.999978 0.00140819
0 0 0 1
Detected: CLINIC
  Confidence: 0.99
  BBox: [[np.int32(321), np.int32(183)], [np.int32(435), np.int32(183)], [np.int32(435), np.int32(219)], [np.int32(321), np.int32(219)]]

== 20250716_111542 ==
Pose: 0.999998 -0.00196345 0.000202568 0.000194289
0.00196205 0.999976 0.00669498 -0.00701077
-0.000215708 -0.00669457 0.999978 0.00140819
0 0 0 1
Detected: CLINIC
  Confidence: 0.97
  BBox: [[np.int32(319), np.int32(183)], [np.int32(435), np.int32(183)], [np.int32(435), np.int32(219)], [np.int32(319), np.int32(219)]]

== 20250716_111549 ==
Pose: 0.999998 -0.00196345 0.000202568 0.000194289
0.00196205 0.999976 0.00669498 -0.00701077
-0.000215708 -0.00669457 0.999978 0.00140819
0 0 0 1
Detected: CLINIC
  Confidence: 0.99
  BBox: [[np.int32(319), np.int32(183)], [np.int32(435), np.int32(183)], [np.int32(435), np.int32(219)], [np.int32(319), np.int32(219)]]

== 20250716_111555 ==
Pose: 0.999998 -0.00196345 0.000202568 0.000194289
0.00196205 0.999976 0.00669498 -0.00701077
-0.000215708 -0.00669457 0.999978 0.00140819
0 0 0 1
Detected: CLINIC
  Confidence: 0.99
  BBox: [[np.int32(321), np.int32(183)], [np.int32(435), np.int32(183)], [np.int32(435), np.int32(219)], [np.int32(321), np.int32(219)]]

== 20250716_111603 ==
Pose: 0.999998 -0.00196345 0.000202568 0.000194289
0.00196205 0.999976 0.00669498 -0.00701077
-0.000215708 -0.00669457 0.999978 0.00140819
0 0 0 1
Detected: CLINIC
  Confidence: 0.96
  BBox: [[np.int32(321), np.int32(183)], [np.int32(435), np.int32(183)], [np.int32(435), np.int32(219)], [np.int32(321), np.int32(219)]]

== 20250716_111608 ==
Pose: 0.999998 -0.00196345 0.000202568 0.000194289
0.00196205 0.999976 0.00669498 -0.00701077
-0.000215708 -0.00669457 0.999978 0.00140819
0 0 0 1
Detected: CLINIC
  Confidence: 0.93
  BBox: [[np.int32(321), np.int32(183)], [np.int32(435), np.int32(183)], [np.int32(435), np.int32(219)], [np.int32(321), np.int32(219)]]

== 20250716_111628 ==
Pose: 0.999998 -0.00196345 0.000202568 0.000194289
0.00196205 0.999976 0.00669498 -0.00701077
-0.000215708 -0.00669457 0.999978 0.00140819
0 0 0 1
Detected: CLINIC
  Confidence: 0.81
  BBox: [[np.int32(321), np.int32(183)], [np.int32(435), np.int32(183)], [np.int32(435), np.int32(219)], [np.int32(321), np.int32(219)]]

== 20250716_114003 ==
Pose: 0.999998 -0.00196345 0.000202568 0.000194289
0.00196205 0.999976 0.00669498 -0.00701077
-0.000215708 -0.00669457 0.999978 0.00140819
0 0 0 1
Detected: CLINIC
  Confidence: 1.00
  BBox: [[np.float64(126.200159952016), np.float64(159.08078376487836)], [np.float64(247.98383939701634), np.float64(181.64080136584278)], [np.float64(239.79984004798402), np.float64(215.91921623512164)], [np.float64(118.01616060298365), np.float64(193.35919863415722)]]
Saved Image: ocr_20250716_114003.jpg


== 20250716_114033 ==
Pose: 0.999998 -0.00196345 0.000202568 0.000194289
0.00196205 0.999976 0.00669498 -0.00701077
-0.000215708 -0.00669457 0.999978 0.00140819
0 0 0 1
Detected: CLINIC
  Confidence: 0.98
  BBox: [[np.float64(126.200159952016), np.float64(159.08078376487836)], [np.float64(247.98663008492926), np.float64(182.6732270422189)], [np.float64(239.79984004798402), np.float64(215.91921623512164)], [np.float64(118.01336991507075), np.float64(193.3267729577811)]]
Saved Image: ocr_20250716_114033.jpg


== 20250716_114104 ==
Pose: 0.999998 -0.00196345 0.000202568 0.000194289
0.00196205 0.999976 0.00669498 -0.00701077
-0.000215708 -0.00669457 0.999978 0.00140819
0 0 0 1
Detected: CLINIC
  Confidence: 1.00
  BBox: [[np.float64(126.21553545944727), np.float64(159.0776772972363)], [np.float64(247.98663008492926), np.float64(182.6732270422189)], [np.float64(239.78446454055273), np.float64(216.9223227027637)], [np.float64(118.01336991507075), np.float64(193.3267729577811)]]
Saved Image: ocr_20250716_114104.jpg


== 20250716_185255 ==
Pose: unknown
Detected: WARD
  Confidence: 1.00
  BBox: [[np.int32(359), np.int32(100)], [np.int32(556), np.int32(100)], [np.int32(556), np.int32(174)], [np.int32(359), np.int32(174)]]
Saved Image: ocr_20250716_185255.jpg


